9983.3333 98550.0000
10000.0000 98533.3333
10000.0000 98550.0000
10000.0000 98566.6667
10016.6667 98516.6667
10033.3333 98533.3333
10033.3333 98550.0000
10033.3333 98583.3333
10050.0000 98550.0000
10066.6667 98516.6667
10066.6667 98533.3333
10083.3333 98550.0000
10083.3333 98583.3333
10150.0000 98533.3333
10150.0000 98600.0000
10183.3333 98483.3333
10200.0000 98500.0000
10216.6667 98516.6667
10216.6667 98533.3333
10216.6667 98616.6667
10233.3333 98500.0000
10233.3333 98616.6667
10250.0000 98516.6667
10250.0000 98600.0000
10266.6667 98533.3333
10283.3333 98600.0000
10300.0000 98516.6667
10300.0000 98733.3333
10333.3333 98533.3333
10333.3333 98716.6667
10333.3333 98733.3333
10350.0000 98550.0000
10350.0000 98633.3333
10350.0000 98733.3333
10383.3333 98550.0000
10383.3333 98733.3333
10400.0000 98516.6667
10416.6667 98516.6667
10416.6667 98533.3333
10416.6667 98750.0000
10433.3333 98516.6667
10433.3333 98550.0000
10450.0000 98500.0000
10450.0000 98783.3333
10466.6667 98783.3333
10483.3333 98500.0000
10483.3333 98533.3333
10483.3333 98800.0000
10500.0000 98816.6667
10516.6667 98500.0000
10516.6667 98516.6667
10516.6667 98766.6667
10516.6667 98816.6667
10533.3333 98750.0000
10533.3333 98816.6667
10550.0000 98483.3333
10566.6667 98800.0000
10600.0000 98783.3333
10650.0000 98783.3333
10683.3333 98450.0000
10733.3333 98500.0000
10833.3333 98683.3333
10850.0000 98583.3333
10883.3333 98750.0000
10916.6667 98633.3333
10916.6667 98766.6667
10916.6667 98966.6667
10983.3333 98666.6667
11000.0000 98683.3333
11016.6667 98783.3333
11033.3333 98633.3333
11066.6667 98616.6667
11066.6667 98683.3333
11066.6667 98733.3333
11100.0000 98683.3333
11116.6667 98733.3333
11116.6667 98800.0000
11133.3333 98683.3333
11133.3333 98733.3333
11150.0000 98716.6667
11150.0000 98733.3333
11200.0000 98800.0000
11233.3333 98750.0000
11233.3333 98800.0000
11250.0000 98783.3333
11250.0000 98800.0000
11250.0000 98983.3333
11266.6667 98766.6667
11266.6667 98950.0000
11283.3333 98750.0000
11283.3333 98783.3333
11283.3333 98950.0000
11300.0000 98550.0000
11300.0000 98750.0000
11300.0000 98800.0000
11300.0000 98950.0000
11316.6667 98733.3333
11333.3333 98833.3333
11350.0000 98733.3333
11366.6667 98733.3333
11366.6667 98750.0000
11366.6667 98783.3333
11383.3333 98700.0000
11383.3333 98733.3333
11383.3333 98933.3333
11383.3333 99100.0000
11400.0000 98700.0000
11400.0000 98750.0000
11400.0000 98850.0000
11400.0000 98933.3333
11400.0000 98966.6667
11400.0000 99033.3333
11416.6667 98733.3333
11416.6667 99000.0000
11450.0000 98716.6667
11450.0000 98750.0000
11450.0000 98983.3333
11450.0000 99000.0000
11450.0000 99016.6667
11466.6667 98766.6667
11466.6667 98800.0000
11466.6667 98983.3333
11466.6667 99000.0000
11466.6667 99016.6667
11483.3333 98783.3333
11483.3333 98983.3333
11483.3333 99016.6667
11500.0000 98983.3333
11500.0000 99016.6667
11500.0000 99033.3333
11500.0000 99066.6667
11516.6667 98750.0000
11516.6667 98983.3333
11516.6667 99066.6667
11533.3333 98516.6667
11533.3333 98950.0000
11533.3333 98983.3333
11533.3333 99050.0000
11550.0000 98733.3333
11550.0000 99016.6667
11550.0000 99050.0000
11566.6667 98766.6667
11566.6667 99000.0000
11583.3333 98416.6667
11583.3333 98783.3333
11583.3333 99066.6667
11600.0000 98550.0000
11600.0000 98750.0000
11600.0000 99033.3333
11600.0000 99050.0000
11600.0000 99066.6667
11616.6667 98416.6667
11616.6667 99000.0000
11616.6667 99050.0000
11616.6667 99100.0000
11633.3333 98500.0000
11633.3333 98750.0000
11633.3333 99066.6667
11650.0000 98283.3333
11650.0000 98800.0000
11650.0000 99050.0000
11650.0000 99066.6667
11666.6667 98416.6667
11666.6667 98500.0000
11666.6667 98750.0000
11666.6667 98783.3333
11666.6667 99066.6667
11683.3333 98450.0000
11683.3333 98683.3333
11683.3333 98766.6667
11683.3333 98783.3333
11683.3333 99066.6667
11700.0000 98283.3333
11700.0000 98383.3333
11700.0000 98500.0000
11700.0000 98716.6667
11700.0000 99050.0000
11716.6667 98633.3333
11733.3333 98316.6667
11733.3333 98500.0000
11733.3333 98550.0000
11733.3333 98616.6667
11733.3333 98666.6667
11733.3333 98700.0000
11733.3333 98783.3333
11750.0000 98383.3333
11750.0000 98516.6667
11750.0000 98650.0000
11766.6667 98383.3333
11766.6667 98733.3333
11766.6667 99200.0000
11783.3333 98650.0000
11783.3333 98766.6667
11783.3333 98850.0000
11783.3333 99200.0000
11800.0000 98533.3333
11800.0000 98733.3333
11800.0000 98766.6667
11800.0000 99183.3333
11816.6667 98450.0000
11816.6667 98650.0000
11816.6667 98850.0000
11816.6667 99133.3333
11816.6667 99166.6667
11816.6667 99266.6667
11833.3333 98650.0000
11833.3333 99150.0000
11850.0000 98750.0000
11850.0000 99150.0000
11850.0000 99200.0000
11850.0000 99483.3333
11866.6667 98516.6667
11866.6667 99133.3333
11866.6667 99200.0000
11883.3333 98816.6667
11883.3333 99133.3333
11883.3333 99150.0000
11883.3333 99166.6667
11883.3333 99233.3333
11900.0000 98800.0000
11900.0000 99183.3333
11916.6667 98716.6667
11916.6667 98783.3333
11916.6667 98800.0000
11916.6667 99100.0000
11916.6667 99116.6667
11916.6667 99133.3333
11933.3333 99133.3333
11933.3333 99166.6667
11950.0000 99066.6667
11950.0000 99116.6667
11966.6667 98516.6667
11966.6667 98616.6667
11966.6667 98683.3333
11966.6667 99050.0000
11966.6667 99133.3333
11983.3333 98733.3333
11983.3333 98833.3333
11983.3333 99100.0000
12000.0000 98550.0000
12000.0000 98833.3333
12000.0000 98933.3333
12000.0000 99033.3333
12000.0000 99083.3333
12016.6667 98566.6667
12016.6667 98700.0000
12016.6667 98716.6667
12016.6667 98733.3333
12016.6667 99016.6667
12016.6667 99066.6667
12016.6667 99083.3333
12016.6667 99166.6667
12016.6667 99200.0000
12033.3333 98500.0000
12033.3333 98716.6667
12033.3333 98816.6667
12033.3333 99050.0000
12033.3333 99116.6667
12050.0000 98500.0000
12050.0000 98900.0000
12050.0000 99116.6667
12066.6667 98783.3333
12066.6667 99000.0000
12066.6667 99016.6667
12066.6667 99100.0000
12083.3333 98433.3333
12083.3333 98900.0000
12083.3333 98916.6667
12083.3333 98933.3333
12083.3333 99016.6667
12083.3333 99033.3333
12100.0000 98850.0000
12100.0000 98983.3333
12100.0000 99116.6667
12100.0000 99150.0000
12116.6667 98800.0000
12116.6667 98833.3333
12116.6667 98883.3333
12116.6667 98900.0000
12116.6667 98916.6667
12116.6667 98950.0000
12116.6667 98966.6667
12116.6667 98983.3333
12116.6667 99050.0000
12116.6667 99066.6667
12116.6667 99150.0000
12116.6667 99200.0000
12133.3333 98716.6667
12133.3333 98866.6667
12133.3333 98900.0000
12133.3333 98933.3333
12133.3333 98950.0000
12133.3333 99000.0000
12133.3333 99066.6667
12150.0000 98816.6667
12150.0000 98950.0000
12150.0000 98966.6667
12150.0000 99083.3333
12150.0000 99100.0000
12166.6667 98750.0000
12166.6667 98816.6667
12166.6667 98866.6667
12166.6667 98933.3333
12183.3333 98433.3333
12183.3333 98750.0000
12183.3333 98783.3333
12183.3333 98833.3333
12183.3333 98866.6667
12200.0000 98550.0000
12200.0000 98600.0000
12200.0000 98716.6667
12200.0000 98766.6667
12200.0000 98816.6667
12200.0000 98850.0000
12200.0000 98933.3333
12200.0000 99083.3333
12216.6667 98466.6667
12216.6667 98766.6667
12216.6667 98783.3333
12216.6667 98866.6667
12216.6667 98900.0000
12216.6667 98916.6667
12216.6667 98950.0000
12216.6667 99000.0000
12216.6667 99016.6667
12216.6667 99383.3333
12233.3333 98533.3333
12233.3333 98583.3333
12233.3333 98600.0000
12233.3333 98716.6667
12233.3333 98766.6667
12233.3333 98866.6667
12233.3333 98916.6667
12233.3333 98933.3333
12233.3333 99000.0000
12233.3333 99050.0000
12233.3333 99066.6667
12233.3333 99083.3333
12250.0000 98433.3333
12250.0000 98583.3333
12250.0000 98733.3333
12250.0000 98750.0000
12250.0000 98816.6667
12250.0000 98850.0000
12250.0000 98866.6667
12250.0000 98900.0000
12250.0000 99033.3333
12250.0000 99050.0000
12250.0000 99083.3333
12266.6667 98550.0000
12266.6667 98600.0000
12266.6667 98616.6667
12266.6667 98733.3333
12266.6667 98783.3333
12266.6667 98833.3333
12266.6667 98950.0000
12283.3333 98733.3333
12283.3333 98766.6667
12283.3333 98833.3333
12283.3333 98866.6667
12283.3333 98900.0000
12283.3333 98933.3333
12283.3333 99016.6667
12283.3333 99033.3333
12283.3333 99050.0000
12283.3333 99100.0000
12283.3333 99116.6667
12300.0000 98400.0000
12300.0000 98683.3333
12300.0000 98716.6667
12300.0000 98766.6667
12300.0000 98783.3333
12300.0000 98816.6667
12300.0000 98883.3333
12300.0000 99066.6667
12300.0000 99116.6667
12300.0000 99150.0000
12316.6667 98400.0000
12316.6667 98716.6667
12316.6667 98733.3333
12316.6667 98766.6667
12316.6667 98783.3333
12316.6667 98850.0000
12316.6667 99016.6667
12316.6667 99150.0000
12333.3333 98333.3333
12333.3333 98700.0000
12333.3333 98783.3333
12333.3333 98816.6667
12333.3333 98833.3333
12350.0000 98316.6667
12350.0000 98483.3333
12350.0000 98683.3333
12350.0000 98766.6667
12350.0000 98800.0000
12350.0000 98833.3333
12350.0000 98850.0000
12350.0000 98866.6667
12350.0000 99116.6667
12366.6667 98650.0000
12366.6667 98700.0000
12366.6667 98716.6667
12366.6667 98750.0000
12366.6667 98783.3333
12366.6667 98800.0000
12366.6667 98866.6667
12366.6667 98983.3333
12366.6667 99066.6667
12366.6667 99100.0000
12383.3333 98400.0000
12383.3333 98433.3333
12383.3333 98616.6667
12383.3333 98716.6667
12383.3333 98733.3333
12383.3333 98766.6667
12383.3333 98800.0000
12383.3333 99116.6667
12400.0000 98333.3333
12400.0000 98350.0000
12400.0000 98400.0000
12400.0000 98516.6667
12400.0000 98566.6667
12400.0000 98766.6667
12400.0000 98816.6667
12400.0000 99000.0000
12416.6667 98316.6667
12416.6667 98416.6667
12416.6667 98483.3333
12416.6667 98650.0000
12416.6667 98700.0000
12416.6667 98766.6667
12416.6667 98866.6667
12416.6667 99116.6667
12433.3333 98333.3333
12433.3333 98416.6667
12433.3333 98600.0000
12433.3333 98700.0000
12433.3333 98750.0000
12433.3333 98766.6667
12433.3333 98833.3333
12433.3333 99100.0000
12450.0000 98483.3333
12450.0000 98600.0000
12450.0000 98783.3333
12466.6667 98333.3333
12466.6667 98433.3333
12466.6667 98483.3333
12466.6667 98666.6667
12466.6667 98700.0000
12466.6667 98750.0000
12483.3333 98266.6667
12483.3333 98316.6667
12483.3333 98483.3333
12483.3333 98633.3333
12483.3333 98733.3333
12483.3333 98783.3333
12483.3333 98816.6667
12500.0000 98333.3333
12500.0000 98416.6667
12500.0000 98516.6667
12500.0000 98700.0000
12500.0000 98816.6667
12500.0000 98866.6667
12500.0000 99100.0000
12516.6667 98266.6667
12516.6667 98466.6667
12516.6667 98700.0000
12516.6667 98766.6667
12516.6667 98783.3333
12516.6667 98866.6667
12516.6667 98950.0000
12516.6667 98983.3333
12516.6667 99216.6667
12533.3333 98266.6667
12533.3333 98400.0000
12533.3333 98633.3333
12533.3333 98666.6667
12533.3333 98700.0000
12533.3333 98750.0000
12533.3333 98766.6667
12533.3333 98833.3333
12533.3333 98850.0000
12550.0000 98283.3333
12550.0000 98333.3333
12550.0000 98950.0000
12550.0000 99016.6667
12566.6667 98466.6667
12566.6667 98650.0000
12566.6667 98733.3333
12566.6667 98800.0000
12566.6667 98816.6667
12566.6667 98983.3333
12583.3333 98383.3333
12583.3333 98450.0000
12583.3333 98666.6667
12583.3333 98716.6667
12583.3333 98750.0000
12583.3333 98783.3333
12583.3333 98816.6667
12600.0000 98650.0000
12600.0000 99050.0000
12600.0000 99133.3333
12616.6667 98666.6667
12616.6667 98750.0000
12616.6667 98800.0000
12616.6667 98816.6667
12616.6667 99016.6667
12633.3333 98750.0000
12633.3333 98850.0000
12650.0000 98350.0000
12650.0000 98666.6667
12650.0000 98716.6667
12650.0000 98766.6667
12650.0000 98800.0000
12650.0000 99016.6667
12666.6667 98783.3333
12683.3333 98683.3333
12683.3333 98700.0000
12683.3333 98766.6667
12683.3333 98800.0000
12683.3333 98833.3333
12700.0000 98783.3333
12700.0000 98833.3333
12700.0000 98950.0000
12716.6667 98983.3333
12733.3333 98616.6667
12733.3333 98733.3333
12733.3333 98950.0000
12750.0000 98633.3333
12750.0000 98716.6667
12750.0000 98733.3333
12750.0000 98816.6667
12750.0000 98850.0000
12766.6667 98733.3333
12766.6667 98766.6667
12766.6667 98833.3333
12766.6667 98950.0000
12783.3333 98616.6667
12783.3333 98733.3333
12783.3333 98950.0000
12816.6667 98683.3333
12816.6667 98783.3333
12816.6667 98866.6667
12816.6667 98950.0000
12833.3333 98666.6667
12833.3333 98700.0000
12833.3333 98933.3333
12850.0000 98666.6667
12850.0000 98700.0000
12850.0000 98933.3333
12850.0000 99000.0000
12866.6667 98633.3333
12866.6667 98650.0000
12866.6667 98666.6667
12883.3333 98700.0000
12883.3333 98733.3333
12883.3333 98800.0000
12883.3333 98816.6667
12883.3333 98833.3333
12900.0000 98616.6667
12900.0000 98716.6667
12900.0000 98750.0000
12900.0000 98800.0000
12900.0000 98933.3333
12916.6667 98600.0000
12916.6667 98633.3333
12916.6667 98666.6667
12916.6667 98700.0000
12916.6667 98783.3333
12916.6667 98800.0000
12916.6667 98933.3333
12933.3333 98600.0000
12933.3333 98700.0000
12933.3333 98716.6667
12933.3333 98783.3333
12933.3333 98800.0000
12933.3333 98833.3333
12933.3333 98966.6667
12950.0000 98650.0000
12950.0000 98666.6667
12950.0000 98683.3333
12950.0000 98766.6667
12950.0000 98816.6667
12966.6667 98616.6667
12966.6667 98650.0000
12966.6667 98666.6667
12966.6667 98683.3333
12966.6667 98716.6667
12966.6667 98733.3333
12966.6667 98766.6667
12966.6667 98783.3333
12966.6667 98966.6667
12983.3333 98616.6667
12983.3333 98633.3333
12983.3333 98666.6667
12983.3333 98750.0000
12983.3333 98766.6667
12983.3333 98966.6667
13000.0000 98616.6667
13000.0000 98650.0000
13000.0000 98683.3333
13000.0000 98700.0000
13000.0000 98733.3333
13016.6667 98600.0000
13016.6667 98683.3333
13016.6667 98700.0000
13016.6667 98716.6667
13016.6667 98733.3333
13016.6667 98983.3333
13033.3333 98600.0000
13033.3333 98616.6667
13033.3333 98633.3333
13033.3333 98650.0000
13033.3333 98666.6667
13033.3333 98683.3333
13033.3333 98750.0000
13033.3333 98766.6667
13050.0000 98583.3333
13050.0000 98700.0000
13050.0000 98983.3333
13066.6667 98300.0000
13066.6667 98316.6667
13066.6667 98583.3333
13066.6667 98600.0000
13066.6667 98616.6667
13066.6667 98633.3333
13066.6667 98650.0000
13066.6667 98800.0000
13066.6667 99016.6667
13083.3333 98633.3333
13083.3333 98733.3333
13083.3333 98800.0000
13083.3333 98983.3333
13100.0000 98283.3333
13100.0000 98600.0000
13100.0000 98616.6667
13100.0000 98750.0000
13116.6667 98283.3333
13116.6667 98633.3333
13116.6667 98666.6667
13116.6667 98983.3333
13133.3333 98583.3333
13133.3333 98616.6667
13133.3333 98716.6667
13133.3333 98983.3333
13150.0000 98516.6667
13150.0000 98733.3333
13166.6667 98550.0000
13166.6667 98583.3333
13166.6667 98766.6667
13183.3333 98650.0000
13183.3333 98700.0000
13183.3333 98733.3333
13183.3333 98783.3333
13200.0000 98500.0000
13200.0000 98516.6667
13200.0000 98616.6667
13200.0000 98683.3333
13200.0000 98766.6667
13200.0000 99000.0000
13216.6667 98583.3333
13216.6667 98616.6667
13216.6667 98700.0000
13216.6667 98983.3333
13233.3333 98583.3333
13250.0000 98500.0000
13250.0000 98533.3333
13250.0000 98600.0000
13250.0000 98650.0000
13250.0000 99000.0000
13266.6667 98500.0000
13266.6667 98550.0000
13266.6667 98583.3333
13266.6667 98633.3333
13266.6667 98966.6667
13266.6667 98983.3333
13283.3333 98483.3333
13283.3333 98533.3333
13283.3333 98566.6667
13283.3333 98600.0000
13283.3333 99016.6667
13300.0000 98466.6667
13300.0000 98533.3333
13300.0000 98583.3333
13300.0000 98683.3333
13300.0000 98733.3333
13300.0000 98950.0000
13300.0000 99066.6667
13316.6667 98500.0000
13316.6667 98516.6667
13316.6667 98550.0000
13316.6667 98600.0000
13316.6667 99000.0000
13333.3333 98566.6667
13333.3333 98616.6667
13333.3333 98666.6667
13333.3333 98983.3333
13350.0000 98483.3333
13350.0000 98500.0000
13350.0000 98533.3333
13350.0000 98666.6667
13350.0000 98733.3333
13350.0000 99000.0000
13366.6667 98450.0000
13366.6667 98466.6667
13366.6667 98483.3333
13366.6667 98616.6667
13366.6667 98933.3333
13383.3333 98516.6667
13400.0000 98450.0000
13400.0000 98483.3333
13400.0000 98666.6667
13400.0000 98716.6667
13400.0000 99016.6667
13416.6667 98633.3333
13433.3333 98516.6667
13433.3333 98600.0000
13466.6667 98466.6667
13466.6667 98516.6667
13466.6667 98616.6667
13466.6667 98666.6667
13483.3333 98483.3333
13500.0000 98416.6667
13500.0000 98450.0000
13500.0000 98600.0000
13516.6667 98433.3333
13516.6667 98583.3333
13533.3333 98416.6667
13533.3333 98583.3333
13550.0000 98133.3333
13566.6667 98166.6667
13566.6667 98383.3333
13566.6667 98700.0000
13583.3333 98150.0000
13583.3333 98383.3333
13583.3333 98533.3333
13600.0000 99033.3333
13616.6667 98166.6667
13616.6667 98366.6667
13633.3333 98150.0000
13633.3333 98166.6667
13633.3333 98316.6667
13633.3333 98333.3333
13633.3333 98383.3333
13633.3333 98633.3333
13633.3333 99033.3333
13650.0000 98166.6667
13650.0000 98183.3333
13650.0000 98316.6667
13650.0000 98383.3333
13650.0000 99033.3333
13666.6667 98383.3333
13683.3333 98166.6667
13683.3333 98333.3333
13683.3333 98350.0000
13683.3333 98366.6667
13683.3333 98383.3333
13683.3333 98416.6667
13700.0000 98116.6667
13700.0000 98283.3333
13700.0000 98333.3333
13700.0000 98350.0000
13700.0000 98383.3333
13700.0000 98450.0000
13716.6667 98116.6667
13716.6667 98133.3333
13716.6667 98150.0000
13716.6667 98350.0000
13716.6667 98500.0000
13716.6667 98583.3333
13733.3333 98366.6667
13733.3333 98450.0000
13733.3333 98516.6667
13733.3333 98683.3333
13750.0000 98150.0000
13750.0000 98266.6667
13750.0000 98316.6667
13750.0000 98416.6667
13750.0000 98466.6667
13750.0000 98500.0000
13750.0000 98683.3333
13766.6667 98166.6667
13766.6667 98300.0000
13766.6667 98333.3333
13766.6667 98416.6667
13766.6667 98683.3333
13783.3333 98283.3333
13783.3333 98300.0000
13783.3333 98416.6667
13783.3333 98666.6667
13783.3333 98716.6667
13800.0000 98166.6667
13800.0000 98300.0000
13800.0000 98400.0000
13800.0000 98683.3333
13816.6667 98166.6667
13816.6667 98266.6667
13816.6667 98283.3333
13816.6667 98466.6667
13816.6667 99000.0000
13833.3333 98166.6667
13833.3333 98266.6667
13833.3333 98283.3333
13833.3333 98383.3333
13833.3333 98416.6667
13833.3333 98433.3333
13833.3333 98700.0000
13833.3333 98716.6667
13850.0000 98166.6667
13850.0000 98250.0000
13850.0000 98266.6667
13850.0000 98316.6667
13850.0000 98666.6667
13866.6667 98150.0000
13866.6667 98166.6667
13866.6667 98250.0000
13866.6667 98266.6667
13866.6667 98366.6667
13866.6667 98416.6667
13883.3333 98150.0000
13883.3333 98166.6667
13883.3333 98216.6667
13883.3333 98250.0000
13883.3333 98266.6667
13883.3333 98350.0000
13900.0000 98100.0000
13900.0000 98133.3333
13900.0000 98150.0000
13900.0000 98183.3333
13900.0000 98250.0000
13900.0000 98283.3333
13900.0000 98300.0000
13900.0000 98350.0000
13916.6667 98150.0000
13916.6667 98250.0000
13916.6667 98266.6667
13916.6667 98366.6667
13933.3333 98133.3333
13933.3333 98150.0000
13933.3333 98183.3333
13933.3333 98283.3333
13933.3333 98333.3333
13950.0000 98083.3333
13950.0000 98133.3333
13950.0000 98150.0000
13950.0000 98250.0000
13950.0000 98316.6667
13950.0000 98333.3333
13950.0000 98350.0000
13950.0000 98950.0000
13966.6667 98000.0000
13966.6667 98116.6667
13966.6667 98150.0000
13966.6667 98183.3333
13966.6667 98200.0000
13966.6667 98250.0000
13966.6667 98566.6667
13983.3333 98066.6667
13983.3333 98133.3333
13983.3333 98183.3333
13983.3333 98233.3333
13983.3333 98250.0000
13983.3333 98300.0000
13983.3333 98350.0000
13983.3333 98566.6667
14000.0000 98133.3333
14000.0000 98216.6667
14000.0000 98250.0000
14000.0000 98283.3333
14000.0000 98300.0000
14016.6667 98066.6667
14016.6667 98133.3333
14016.6667 98150.0000
14016.6667 98233.3333
14016.6667 98266.6667
14016.6667 98350.0000
14016.6667 98550.0000
14033.3333 98150.0000
14033.3333 98233.3333
14033.3333 98350.0000
14033.3333 98816.6667
14033.3333 98900.0000
14050.0000 98083.3333
14050.0000 98150.0000
14050.0000 98233.3333
14050.0000 98266.6667
14050.0000 98383.3333
14050.0000 98466.6667
14066.6667 98083.3333
14066.6667 98150.0000
14066.6667 98233.3333
14066.6667 98266.6667
14066.6667 98283.3333
14066.6667 98500.0000
14066.6667 98550.0000
14066.6667 98566.6667
14083.3333 98100.0000
14083.3333 98200.0000
14083.3333 98250.0000
14083.3333 98316.6667
14083.3333 98533.3333
14083.3333 98733.3333
14100.0000 98116.6667
14100.0000 98166.6667
14100.0000 98216.6667
14100.0000 98233.3333
14100.0000 98350.0000
14100.0000 98516.6667
14100.0000 98566.6667
14116.6667 98116.6667
14116.6667 98166.6667
14116.6667 98183.3333
14116.6667 98233.3333
14116.6667 98300.0000
14116.6667 98316.6667
14116.6667 98333.3333
14116.6667 98433.3333
14116.6667 98533.3333
14133.3333 98150.0000
14133.3333 98166.6667
14133.3333 98216.6667
14133.3333 98350.0000
14150.0000 98100.0000
14150.0000 98150.0000
14150.0000 98183.3333
14150.0000 98216.6667
14150.0000 98350.0000
14150.0000 98433.3333
14150.0000 98466.6667
14166.6667 98116.6667
14166.6667 98150.0000
14166.6667 98250.0000
14166.6667 98283.3333
14166.6667 98350.0000
14166.6667 98433.3333
14166.6667 98516.6667
14183.3333 97816.6667
14183.3333 97833.3333
14183.3333 98150.0000
14183.3333 98166.6667
14183.3333 98183.3333
14183.3333 98200.0000
14183.3333 98266.6667
14183.3333 98283.3333
14183.3333 98316.6667
14183.3333 98383.3333
14183.3333 98516.6667
14183.3333 98600.0000
14200.0000 98200.0000
14200.0000 98416.6667
14216.6667 98133.3333
14216.6667 98166.6667
14216.6667 98350.0000
14233.3333 98100.0000
14233.3333 98133.3333
14233.3333 98216.6667
14233.3333 98250.0000
14233.3333 98433.3333
14233.3333 98483.3333
14250.0000 98066.6667
14250.0000 98150.0000
14250.0000 98166.6667
14250.0000 98200.0000
14250.0000 98350.0000
14266.6667 98083.3333
14266.6667 98150.0000
14266.6667 98166.6667
14266.6667 98200.0000
14266.6667 98216.6667
14266.6667 98450.0000
14283.3333 98133.3333
14283.3333 98233.3333
14283.3333 98300.0000
14283.3333 98483.3333
14300.0000 98050.0000
14300.0000 98066.6667
14300.0000 98183.3333
14300.0000 98200.0000
14300.0000 98216.6667
14300.0000 98450.0000
14300.0000 98483.3333
14316.6667 98016.6667
14316.6667 98183.3333
14316.6667 98200.0000
14316.6667 98466.6667
14333.3333 98033.3333
14333.3333 98433.3333
14350.0000 98016.6667
14350.0000 98116.6667
14350.0000 98183.3333
14366.6667 97983.3333
14366.6667 98183.3333
14383.3333 97983.3333
14383.3333 98150.0000
14400.0000 98100.0000
14416.6667 98133.3333
14416.6667 98150.0000
14433.3333 98133.3333
14450.0000 97966.6667
14450.0000 98100.0000