9983.3333 98550.0000
10000.0000 98533.3333
10000.0000 98550.0000
10000.0000 98566.6667
10016.6667 98516.6667
10033.3333 98533.3333
10033.3333 98550.0000
10033.3333 98583.3333
10050.0000 98550.0000
10066.6667 98516.6667
10066.6667 98533.3333
10083.3333 98550.0000
10083.3333 98583.3333
10150.0000 98533.3333
10150.0000 98600.0000
10183.3333 98483.3333
10200.0000 98500.0000
10216.6667 98516.6667
10216.6667 98533.3333
10216.6667 98616.6667
10233.3333 98500.0000
10233.3333 98616.6667
10250.0000 98516.6667
10250.0000 98600.0000
10266.6667 98533.3333
10283.3333 98600.0000
10300.0000 98516.6667
10300.0000 98733.3333
10333.3333 98533.3333
10333.3333 98716.6667
10333.3333 98733.3333
10350.0000 98550.0000
10350.0000 98633.3333
10350.0000 98733.3333
10383.3333 98550.0000
10383.3333 98733.3333
10400.0000 98516.6667
10416.6667 98516.6667
10416.6667 98533.3333
10416.6667 98750.0000
10433.3333 98516.6667
10433.3333 98550.0000
10450.0000 98500.0000
10450.0000 98783.3333
10466.6667 98783.3333
10483.3333 98500.0000
10483.3333 98533.3333
10483.3333 98800.0000
10500.0000 98816.6667
10516.6667 98500.0000
10516.6667 98516.6667
10516.6667 98766.6667
10516.6667 98816.6667
10533.3333 98750.0000
10533.3333 98816.6667
10550.0000 98483.3333
10566.6667 98800.0000
10600.0000 98783.3333
10650.0000 98783.3333
10683.3333 98450.0000
10733.3333 98500.0000
10833.3333 98683.3333
10850.0000 98583.3333
10883.3333 98750.0000
10916.6667 98633.3333
10916.6667 98766.6667
10916.6667 98966.6667
10983.3333 98666.6667
11000.0000 98683.3333
11016.6667 98783.3333
11033.3333 98633.3333
11066.6667 98616.6667
11066.6667 98683.3333
11066.6667 98733.3333
11100.0000 98683.3333
11116.6667 98733.3333
11116.6667 98800.0000
11133.3333 98683.3333
11133.3333 98733.3333
11150.0000 98716.6667
11150.0000 98733.3333
11200.0000 98800.0000
11233.3333 98750.0000
11233.3333 98800.0000
11250.0000 98783.3333
11250.0000 98800.0000
11250.0000 98983.3333
11266.6667 98766.6667
11266.6667 98950.0000
11283.3333 98750.0000
11283.3333 98783.3333
11283.3333 98950.0000
11300.0000 98550.0000
11300.0000 98750.0000
11300.0000 98800.0000
11300.0000 98950.0000
11316.6667 98733.3333
11333.3333 98833.3333
11350.0000 98733.3333
11366.6667 98733.3333
11366.6667 98750.0000
11366.6667 98783.3333
11383.3333 98700.0000
11383.3333 98733.3333
11383.3333 98933.3333
11383.3333 99100.0000
11400.0000 98700.0000
11400.0000 98750.0000
11400.0000 98850.0000
11400.0000 98933.3333
11400.0000 98966.6667
11400.0000 99033.3333
11416.6667 98733.3333
11416.6667 99000.0000
11450.0000 98716.6667
11450.0000 98750.0000
11450.0000 98983.3333
11450.0000 99000.0000
11450.0000 99016.6667
11466.6667 98766.6667
11466.6667 98800.0000
11466.6667 98983.3333
11466.6667 99000.0000
11466.6667 99016.6667
11483.3333 98783.3333
11483.3333 98983.3333
11483.3333 99016.6667
11500.0000 98983.3333
11500.0000 99016.6667
11500.0000 99033.3333
11500.0000 99066.6667
11516.6667 98750.0000
11516.6667 98983.3333
11516.6667 99066.6667
11533.3333 98516.6667
11533.3333 98950.0000
11533.3333 98983.3333
11533.3333 99050.0000
11550.0000 98733.3333
11550.0000 99016.6667
11550.0000 99050.0000
11566.6667 98766.6667
11566.6667 99000.0000
11583.3333 98416.6667
11583.3333 98783.3333
11583.3333 99066.6667
11600.0000 98550.0000
11600.0000 98750.0000
11600.0000 99033.3333
11600.0000 99050.0000
11600.0000 99066.6667
11616.6667 98416.6667
11616.6667 99000.0000
11616.6667 99050.0000
11616.6667 99100.0000
11633.3333 98500.0000
11633.3333 98750.0000
11633.3333 99066.6667
11650.0000 98283.3333
11650.0000 98800.0000
11650.0000 99050.0000
11650.0000 99066.6667
11666.6667 98416.6667
11666.6667 98500.0000
11666.6667 98750.0000
11666.6667 98783.3333
11666.6667 99066.6667
11683.3333 98450.0000
11683.3333 98683.3333
11683.3333 98766.6667
11683.3333 98783.3333
11683.3333 99066.6667
11700.0000 98283.3333
11700.0000 98383.3333
11700.0000 98500.0000
11700.0000 98716.6667
11700.0000 99050.0000
11716.6667 98633.3333
11733.3333 98316.6667
11733.3333 98500.0000
11733.3333 98550.0000
11733.3333 98616.6667
11733.3333 98666.6667
11733.3333 98700.0000
11733.3333 98783.3333
11750.0000 98383.3333
11750.0000 98516.6667
11750.0000 98650.0000
11766.6667 98383.3333
11766.6667 98733.3333
11766.6667 99200.0000
11783.3333 98650.0000
11783.3333 98766.6667
11783.3333 98850.0000
11783.3333 99200.0000
11800.0000 98533.3333
11800.0000 98733.3333
11800.0000 98766.6667
11800.0000 99183.3333
11816.6667 98450.0000
11816.6667 98650.0000
11816.6667 98850.0000
11816.6667 99133.3333
11816.6667 99166.6667
11816.6667 99266.6667
11833.3333 98650.0000
11833.3333 99150.0000
11850.0000 98750.0000
11850.0000 99150.0000
11850.0000 99200.0000
11850.0000 99483.3333
11866.6667 98516.6667
11866.6667 99133.3333
11866.6667 99200.0000
11883.3333 98816.6667
11883.3333 99133.3333
11883.3333 99150.0000
11883.3333 99166.6667
11883.3333 99233.3333
11900.0000 98800.0000
11900.0000 99183.3333
11916.6667 98716.6667
11916.6667 98783.3333
11916.6667 98800.0000
11916.6667 99100.0000
11916.6667 99116.6667
11916.6667 99133.3333
11933.3333 99133.3333
11933.3333 99166.6667
11950.0000 99066.6667
11950.0000 99116.6667
11966.6667 98516.6667
11966.6667 98616.6667
11966.6667 98683.3333
11966.6667 99050.0000
11966.6667 99133.3333
11983.3333 98733.3333
11983.3333 98833.3333
11983.3333 99100.0000
12000.0000 98550.0000
12000.0000 98833.3333
12000.0000 98933.3333
12000.0000 99033.3333
12000.0000 99083.3333
12016.6667 98566.6667
12016.6667 98700.0000
12016.6667 98716.6667
12016.6667 98733.3333
12016.6667 99016.6667
12016.6667 99066.6667
12016.6667 99083.3333
12016.6667 99166.6667
12016.6667 99200.0000
12033.3333 98500.0000
12033.3333 98716.6667
12033.3333 98816.6667
12033.3333 99050.0000
12033.3333 99116.6667
12050.0000 98500.0000
12050.0000 98900.0000
12050.0000 99116.6667
12066.6667 98783.3333
12066.6667 99000.0000
12066.6667 99016.6667
12066.6667 99100.0000
12083.3333 98433.3333
12083.3333 98900.0000
12083.3333 98916.6667
12083.3333 98933.3333
12083.3333 99016.6667
12083.3333 99033.3333
12100.0000 98850.0000
12100.0000 98983.3333
12100.0000 99116.6667
12100.0000 99150.0000
12116.6667 98800.0000
12116.6667 98833.3333
12116.6667 98883.3333
12116.6667 98900.0000
12116.6667 98916.6667
12116.6667 98950.0000
12116.6667 98966.6667
12116.6667 98983.3333
12116.6667 99050.0000
12116.6667 99066.6667
12116.6667 99150.0000
12116.6667 99200.0000
12133.3333 98716.6667
12133.3333 98866.6667
12133.3333 98900.0000
12133.3333 98933.3333
12133.3333 98950.0000
12133.3333 99000.0000
12133.3333 99066.6667
12150.0000 98816.6667
12150.0000 98950.0000
12150.0000 98966.6667
12150.0000 99083.3333
12150.0000 99100.0000
12166.6667 98750.0000
12166.6667 98816.6667
12166.6667 98866.6667
12166.6667 98933.3333
12183.3333 98433.3333
12183.3333 98750.0000
12183.3333 98783.3333
12183.3333 98833.3333
12183.3333 98866.6667
12200.0000 98550.0000
12200.0000 98600.0000
12200.0000 98716.6667
12200.0000 98766.6667
12200.0000 98816.6667
12200.0000 98850.0000
12200.0000 98933.3333
12200.0000 99083.3333
12216.6667 98466.6667
12216.6667 98766.6667
12216.6667 98783.3333
12216.6667 98866.6667
12216.6667 98900.0000
12216.6667 98916.6667
12216.6667 98950.0000
12216.6667 99000.0000
12216.6667 99016.6667
12216.6667 99383.3333
12233.3333 98533.3333
12233.3333 98583.3333
12233.3333 98600.0000
12233.3333 98716.6667
12233.3333 98766.6667
12233.3333 98866.6667
12233.3333 98916.6667
12233.3333 98933.3333
12233.3333 99000.0000
12233.3333 99050.0000
12233.3333 99066.6667
12233.3333 99083.3333
12250.0000 98433.3333
12250.0000 98583.3333
12250.0000 98733.3333
12250.0000 98750.0000
12250.0000 98816.6667
12250.0000 98850.0000
12250.0000 98866.6667
12250.0000 98900.0000
12250.0000 99033.3333
12250.0000 99050.0000
12250.0000 99083.3333
12266.6667 98550.0000
12266.6667 98600.0000
12266.6667 98616.6667
12266.6667 98733.3333
12266.6667 98783.3333
12266.6667 98833.3333
12266.6667 98950.0000
12283.3333 98733.3333
12283.3333 98766.6667
12283.3333 98833.3333
12283.3333 98866.6667
12283.3333 98900.0000
12283.3333 98933.3333
12283.3333 99016.6667
12283.3333 99033.3333
12283.3333 99050.0000
12283.3333 99100.0000
12283.3333 99116.6667
12300.0000 98400.0000
12300.0000 98683.3333
12300.0000 98716.6667
12300.0000 98766.6667
12300.0000 98783.3333
12300.0000 98816.6667
12300.0000 98883.3333
12300.0000 99066.6667
12300.0000 99116.6667
12300.0000 99150.0000
12316.6667 98400.0000
12316.6667 98716.6667
12316.6667 98733.3333
12316.6667 98766.6667
12316.6667 98783.3333
12316.6667 98850.0000
12316.6667 99016.6667
12316.6667 99150.0000
12333.3333 98333.3333
12333.3333 98700.0000
12333.3333 98783.3333
12333.3333 98816.6667
12333.3333 98833.3333
12350.0000 98316.6667
12350.0000 98483.3333
12350.0000 98683.3333
12350.0000 98766.6667
12350.0000 98800.0000
12350.0000 98833.3333
12350.0000 98850.0000
12350.0000 98866.6667
12350.0000 99116.6667
12366.6667 98650.0000
12366.6667 98700.0000
12366.6667 98716.6667
12366.6667 98750.0000
12366.6667 98783.3333
12366.6667 98800.0000
12366.6667 98866.6667
12366.6667 98983.3333
12366.6667 99066.6667
12366.6667 99100.0000
12383.3333 98400.0000
12383.3333 98433.3333
12383.3333 98616.6667
12383.3333 98716.6667
12383.3333 98733.3333
12383.3333 98766.6667
12383.3333 98800.0000
12383.3333 99116.6667
12400.0000 98333.3333
12400.0000 98350.0000
12400.0000 98400.0000
12400.0000 98516.6667
12400.0000 98566.6667
12400.0000 98766.6667
12400.0000 98816.6667
12400.0000 99000.0000
12416.6667 98316.6667
12416.6667 98416.6667
12416.6667 98483.3333
12416.6667 98650.0000
12416.6667 98700.0000
12416.6667 98766.6667
12416.6667 98866.6667
12416.6667 99116.6667
12433.3333 98333.3333
12433.3333 98416.6667
12433.3333 98600.0000
12433.3333 98700.0000
12433.3333 98750.0000
12433.3333 98766.6667
12433.3333 98833.3333
12433.3333 99100.0000
12450.0000 98483.3333
12450.0000 98600.0000
12450.0000 98783.3333
12466.6667 98333.3333
12466.6667 98433.3333
12466.6667 98483.3333
12466.6667 98666.6667
12466.6667 98700.0000
12466.6667 98750.0000
12483.3333 98266.6667
12483.3333 98316.6667
12483.3333 98483.3333
12483.3333 98633.3333
12483.3333 98733.3333
12483.3333 98783.3333
12483.3333 98816.6667
12500.0000 98333.3333
12500.0000 98416.6667
12500.0000 98516.6667
12500.0000 98700.0000
12500.0000 98816.6667
12500.0000 98866.6667
12500.0000 99100.0000
12516.6667 98266.6667
12516.6667 98466.6667
12516.6667 98700.0000
12516.6667 98766.6667
12516.6667 98783.3333
12516.6667 98866.6667
12516.6667 98950.0000
12516.6667 98983.3333
12516.6667 99216.6667
12533.3333 98266.6667
12533.3333 98400.0000
12533.3333 98633.3333
12533.3333 98666.6667
12533.3333 98700.0000
12533.3333 98750.0000
12533.3333 98766.6667
12533.3333 98833.3333
12533.3333 98850.0000
12550.0000 98283.3333
12550.0000 98333.3333
12550.0000 98950.0000
12550.0000 99016.6667
12566.6667 98466.6667
12566.6667 98650.0000
12566.6667 98733.3333
12566.6667 98800.0000
12566.6667 98816.6667
12566.6667 98983.3333
12583.3333 98383.3333
12583.3333 98450.0000
12583.3333 98666.6667
12583.3333 98716.6667
12583.3333 98750.0000
12583.3333 98783.3333
12583.3333 98816.6667
12600.0000 98650.0000
12600.0000 99050.0000
12600.0000 99133.3333
12616.6667 98666.6667
12616.6667 98750.0000
12616.6667 98800.0000
12616.6667 98816.6667
12616.6667 99016.6667
12633.3333 98750.0000
12633.3333 98850.0000
12650.0000 98350.0000
12650.0000 98666.6667
12650.0000 98716.6667
12650.0000 98766.6667
12650.0000 98800.0000
12650.0000 99016.6667
12666.6667 98783.3333
12683.3333 98683.3333
12683.3333 98700.0000
12683.3333 98766.6667
12683.3333 98800.0000
12683.3333 98833.3333
12700.0000 98783.3333
12700.0000 98833.3333
12700.0000 98950.0000
12716.6667 98983.3333
12733.3333 98616.6667
12733.3333 98733.3333
12733.3333 98950.0000
12750.0000 98633.3333
12750.0000 98716.6667
12750.0000 98733.3333
12750.0000 98816.6667
12750.0000 98850.0000
12766.6667 98733.3333
12766.6667 98766.6667
12766.6667 98833.3333
12766.6667 98950.0000
12783.3333 98616.6667
12783.3333 98733.3333
12783.3333 98950.0000
12816.6667 98683.3333
12816.6667 98783.3333
12816.6667 98866.6667
12816.6667 98950.0000
12833.3333 98666.6667
12833.3333 98700.0000
12833.3333 98933.3333
12850.0000 98666.6667
12850.0000 98700.0000
12850.0000 98933.3333
12850.0000 99000.0000
12866.6667 98633.3333
12866.6667 98650.0000
12866.6667 98666.6667
12883.3333 98700.0000
12883.3333 98733.3333
12883.3333 98800.0000
12883.3333 98816.6667
12883.3333 98833.3333
12900.0000 98616.6667
12900.0000 98716.6667
12900.0000 98750.0000
12900.0000 98800.0000
12900.0000 98933.3333
12916.6667 98600.0000
12916.6667 98633.3333
12916.6667 98666.6667
12916.6667 98700.0000
12916.6667 98783.3333
12916.6667 98800.0000
12916.6667 98933.3333
12933.3333 98600.0000
12933.3333 98700.0000
12933.3333 98716.6667
12933.3333 98783.3333
12933.3333 98800.0000
12933.3333 98833.3333
12933.3333 98966.6667
12950.0000 98650.0000
12950.0000 98666.6667
12950.0000 98683.3333
12950.0000 98766.6667
12950.0000 98816.6667
12966.6667 98616.6667
12966.6667 98650.0000
12966.6667 98666.6667
12966.6667 98683.3333
12966.6667 98716.6667
12966.6667 98733.3333
12966.6667 98766.6667
12966.6667 98783.3333
12966.6667 98966.6667
12983.3333 98616.6667
12983.3333 98633.3333
12983.3333 98666.6667
12983.3333 98750.0000
12983.3333 98766.6667
12983.3333 98966.6667
13000.0000 98616.6667
13000.0000 98650.0000
13000.0000 98683.3333
13000.0000 98700.0000
13000.0000 98733.3333
13016.6667 98600.0000
13016.6667 98683.3333
13016.6667 98700.0000
13016.6667 98716.6667
13016.6667 98733.3333
13016.6667 98983.3333
13033.3333 98600.0000
13033.3333 98616.6667
13033.3333 98633.3333
13033.3333 98650.0000
13033.3333 98666.6667
13033.3333 98683.3333
13033.3333 98750.0000
13033.3333 98766.6667
13050.0000 98583.3333
13050.0000 98700.0000
13050.0000 98983.3333
13066.6667 98300.0000
13066.6667 98316.6667
13066.6667 98583.3333
13066.6667 98600.0000
13066.6667 98616.6667
13066.6667 98633.3333
13066.6667 98650.0000
13066.6667 98800.0000
13066.6667 99016.6667
13083.3333 98633.3333
13083.3333 98733.3333
13083.3333 98800.0000
13083.3333 98983.3333
13100.0000 98283.3333
13100.0000 98600.0000
13100.0000 98616.6667
13100.0000 98750.0000
13116.6667 98283.3333
13116.6667 98633.3333
13116.6667 98666.6667
13116.6667 98983.3333
13133.3333 98583.3333
13133.3333 98616.6667
13133.3333 98716.6667
13133.3333 98983.3333
13150.0000 98516.6667
13150.0000 98733.3333
13166.6667 98550.0000
13166.6667 98583.3333
13166.6667 98766.6667
13183.3333 98650.0000
13183.3333 98700.0000
13183.3333 98733.3333
13183.3333 98783.3333
13200.0000 98500.0000
13200.0000 98516.6667
13200.0000 98616.6667
13200.0000 98683.3333
13200.0000 98766.6667
13200.0000 99000.0000
13216.6667 98583.3333
13216.6667 98616.6667
13216.6667 98700.0000
13216.6667 98983.3333
13233.3333 98583.3333
13250.0000 98500.0000
13250.0000 98533.3333
13250.0000 98600.0000
13250.0000 98650.0000
13250.0000 99000.0000
13266.6667 98500.0000
13266.6667 98550.0000
13266.6667 98583.3333
13266.6667 98633.3333
13266.6667 98966.6667
13266.6667 98983.3333
13283.3333 98483.3333
13283.3333 98533.3333
13283.3333 98566.6667
13283.3333 98600.0000
13283.3333 99016.6667
13300.0000 98466.6667
13300.0000 98533.3333
13300.0000 98583.3333
13300.0000 98683.3333
13300.0000 98733.3333
13300.0000 98950.0000
13300.0000 99066.6667
13316.6667 98500.0000
13316.6667 98516.6667
13316.6667 98550.0000
13316.6667 98600.0000
13316.6667 99000.0000
13333.3333 98566.6667
13333.3333 98616.6667
13333.3333 98666.6667
13333.3333 98983.3333
13350.0000 98483.3333
13350.0000 98500.0000
13350.0000 98533.3333
13350.0000 98666.6667
13350.0000 98733.3333
13350.0000 99000.0000
13366.6667 98450.0000
13366.6667 98466.6667
13366.6667 98483.3333
13366.6667 98616.6667
13366.6667 98933.3333
13383.3333 98516.6667
13400.0000 98450.0000
13400.0000 98483.3333
13400.0000 98666.6667
13400.0000 98716.6667
13400.0000 99016.6667
13416.6667 98633.3333
13433.3333 98516.6667
13433.3333 98600.0000
13466.6667 98466.6667
13466.6667 98516.6667
13466.6667 98616.6667
13466.6667 98666.6667
13483.3333 98483.3333
13500.0000 98416.6667
13500.0000 98450.0000
13500.0000 98600.0000
13516.6667 98433.3333
13516.6667 98583.3333
13533.3333 98416.6667
13533.3333 98583.3333
13550.0000 98133.3333
13566.6667 98166.6667
13566.6667 98383.3333
13566.6667 98700.0000
13583.3333 98150.0000
13583.3333 98383.3333
13583.3333 98533.3333
13600.0000 99033.3333
13616.6667 98166.6667
13616.6667 98366.6667
13633.3333 98150.0000
13633.3333 98166.6667
13633.3333 98316.6667
13633.3333 98333.3333
13633.3333 98383.3333
13633.3333 98633.3333
13633.3333 99033.3333
13650.0000 98166.6667
13650.0000 98183.3333
13650.0000 98316.6667
13650.0000 98383.3333
13650.0000 99033.3333
13666.6667 98383.3333
13683.3333 98166.6667
13683.3333 98333.3333
13683.3333 98350.0000
13683.3333 98366.6667
13683.3333 98383.3333
13683.3333 98416.6667
13700.0000 98116.6667
13700.0000 98283.3333
13700.0000 98333.3333
13700.0000 98350.0000
13700.0000 98383.3333
13700.0000 98450.0000
13716.6667 98116.6667
13716.6667 98133.3333
13716.6667 98150.0000
13716.6667 98350.0000
13716.6667 98500.0000
13716.6667 98583.3333
13733.3333 98366.6667
13733.3333 98450.0000
13733.3333 98516.6667
13733.3333 98683.3333
13750.0000 98150.0000
13750.0000 98266.6667
13750.0000 98316.6667
13750.0000 98416.6667
13750.0000 98466.6667
13750.0000 98500.0000
13750.0000 98683.3333
13766.6667 98166.6667
13766.6667 98300.0000
13766.6667 98333.3333
13766.6667 98416.6667
13766.6667 98683.3333
13783.3333 98283.3333
13783.3333 98300.0000
13783.3333 98416.6667
13783.3333 98666.6667
13783.3333 98716.6667
13800.0000 98166.6667
13800.0000 98300.0000
13800.0000 98400.0000
13800.0000 98683.3333
13816.6667 98166.6667
13816.6667 98266.6667
13816.6667 98283.3333
13816.6667 98466.6667
13816.6667 99000.0000
13833.3333 98166.6667
13833.3333 98266.6667
13833.3333 98283.3333
13833.3333 98383.3333
13833.3333 98416.6667
13833.3333 98433.3333
13833.3333 98700.0000
13833.3333 98716.6667
13850.0000 98166.6667
13850.0000 98250.0000
13850.0000 98266.6667
13850.0000 98316.6667
13850.0000 98666.6667
13866.6667 98150.0000
13866.6667 98166.6667
13866.6667 98250.0000
13866.6667 98266.6667
13866.6667 98366.6667
13866.6667 98416.6667
13883.3333 98150.0000
13883.3333 98166.6667
13883.3333 98216.6667
13883.3333 98250.0000
13883.3333 98266.6667
13883.3333 98350.0000
13900.0000 98100.0000
13900.0000 98133.3333
13900.0000 98150.0000
13900.0000 98183.3333
13900.0000 98250.0000
13900.0000 98283.3333
13900.0000 98300.0000
13900.0000 98350.0000
13916.6667 98150.0000
13916.6667 98250.0000
13916.6667 98266.6667
13916.6667 98366.6667
13933.3333 98133.3333
13933.3333 98150.0000
13933.3333 98183.3333
13933.3333 98283.3333
13933.3333 98333.3333
13950.0000 98083.3333
13950.0000 98133.3333
13950.0000 98150.0000
13950.0000 98250.0000
13950.0000 98316.6667
13950.0000 98333.3333
13950.0000 98350.0000
13950.0000 98950.0000
13966.6667 98000.0000
13966.6667 98116.6667
13966.6667 98150.0000
13966.6667 98183.3333
13966.6667 98200.0000
13966.6667 98250.0000
13966.6667 98566.6667
13983.3333 98066.6667
13983.3333 98133.3333
13983.3333 98183.3333
13983.3333 98233.3333
13983.3333 98250.0000
13983.3333 98300.0000
13983.3333 98350.0000
13983.3333 98566.6667
14000.0000 98133.3333
14000.0000 98216.6667
14000.0000 98250.0000
14000.0000 98283.3333
14000.0000 98300.0000
14016.6667 98066.6667
14016.6667 98133.3333
14016.6667 98150.0000
14016.6667 98233.3333
14016.6667 98266.6667
14016.6667 98350.0000
14016.6667 98550.0000
14033.3333 98150.0000
14033.3333 98233.3333
14033.3333 98350.0000
14033.3333 98816.6667
14033.3333 98900.0000
14050.0000 98083.3333
14050.0000 98150.0000
14050.0000 98233.3333
14050.0000 98266.6667
14050.0000 98383.3333
14050.0000 98466.6667
14066.6667 98083.3333
14066.6667 98150.0000
14066.6667 98233.3333
14066.6667 98266.6667
14066.6667 98283.3333
14066.6667 98500.0000
14066.6667 98550.0000
14066.6667 98566.6667
14083.3333 98100.0000
14083.3333 98200.0000
14083.3333 98250.0000
14083.3333 98316.6667
14083.3333 98533.3333
14083.3333 98733.3333
14100.0000 98116.6667
14100.0000 98166.6667
14100.0000 98216.6667
14100.0000 98233.3333
14100.0000 98350.0000
14100.0000 98516.6667
14100.0000 98566.6667
14116.6667 98116.6667
14116.6667 98166.6667
14116.6667 98183.3333
14116.6667 98233.3333
14116.6667 98300.0000
14116.6667 98316.6667
14116.6667 98333.3333
14116.6667 98433.3333
14116.6667 98533.3333
14133.3333 98150.0000
14133.3333 98166.6667
14133.3333 98216.6667
14133.3333 98350.0000
14150.0000 98100.0000
14150.0000 98150.0000
14150.0000 98183.3333
14150.0000 98216.6667
14150.0000 98350.0000
14150.0000 98433.3333
14150.0000 98466.6667
14166.6667 98116.6667
14166.6667 98150.0000
14166.6667 98250.0000
14166.6667 98283.3333
14166.6667 98350.0000
14166.6667 98433.3333
14166.6667 98516.6667
14183.3333 97816.6667
14183.3333 97833.3333
14183.3333 98150.0000
14183.3333 98166.6667
14183.3333 98183.3333
14183.3333 98200.0000
14183.3333 98266.6667
14183.3333 98283.3333
14183.3333 98316.6667
14183.3333 98383.3333
14183.3333 98516.6667
14183.3333 98600.0000
14200.0000 98200.0000
14200.0000 98416.6667
14216.6667 98133.3333
14216.6667 98166.6667
14216.6667 98350.0000
14233.3333 98100.0000
14233.3333 98133.3333
14233.3333 98216.6667
14233.3333 98250.0000
14233.3333 98433.3333
14233.3333 98483.3333
14250.0000 98066.6667
14250.0000 98150.0000
14250.0000 98166.6667
14250.0000 98200.0000
14250.0000 98350.0000
14266.6667 98083.3333
14266.6667 98150.0000
14266.6667 98166.6667
14266.6667 98200.0000
14266.6667 98216.6667
14266.6667 98450.0000
14283.3333 98133.3333
14283.3333 98233.3333
14283.3333 98300.0000
14283.3333 98483.3333
14300.0000 98050.0000
14300.0000 98066.6667
14300.0000 98183.3333
14300.0000 98200.0000
14300.0000 98216.6667
14300.0000 98450.0000
14300.0000 98483.3333
14316.6667 98016.6667
14316.6667 98183.3333
14316.6667 98200.0000
14316.6667 98466.6667
14333.3333 98033.3333
14333.3333 98433.3333
14350.0000 98016.6667
14350.0000 98116.6667
14350.0000 98183.3333
14366.6667 97983.3333
14366.6667 98183.3333
14383.3333 97983.3333
14383.3333 98150.0000
14400.0000 98100.0000
14416.6667 98133.3333
14416.6667 98150.0000
14433.3333 98133.3333
14450.0000 97966.6667
14450.0000 98100.0000
14466.6667 97950.0000
14466.6667 98016.6667
14466.6667 98150.0000
14466.6667 98166.6667
14466.6667 98183.3333
14483.3333 98183.3333
14500.0000 97950.0000
14516.6667 97983.3333
14516.6667 98100.0000
14516.6667 98150.0000
14533.3333 97916.6667
14533.3333 97933.3333
14533.3333 98016.6667
14533.3333 98116.6667
14533.3333 98150.0000
14533.3333 98183.3333
14533.3333 98233.3333
14550.0000 97950.0000
14550.0000 98100.0000
14566.6667 97933.3333
14566.6667 97983.3333
14566.6667 98000.0000
14566.6667 98150.0000
14583.3333 97983.3333
14583.3333 98183.3333
14600.0000 97933.3333
14600.0000 98033.3333
14600.0000 98150.0000
14600.0000 98183.3333
14600.0000 98200.0000
14616.6667 97983.3333
14616.6667 98016.6667
14633.3333 97933.3333
14633.3333 98033.3333
14633.3333 98050.0000
14633.3333 98150.0000
14633.3333 98166.6667
14666.6667 97933.3333
14666.6667 98066.6667
14666.6667 98150.0000
14683.3333 97883.3333
14716.6667 97850.0000
14733.3333 96516.6667
14733.3333 97850.0000
14750.0000 97933.3333
14750.0000 97950.0000
14766.6667 98000.0000
14783.3333 97900.0000
14783.3333 97950.0000
14816.6667 97883.3333
14850.0000 98050.0000
14866.6667 97783.3333
14866.6667 97866.6667
14883.3333 97800.0000
14883.3333 97866.6667
14916.6667 97950.0000
14933.3333 97816.6667
14950.0000 97833.3333
14966.6667 97833.3333
14966.6667 97916.6667
14966.6667 98033.3333
14983.3333 97833.3333
15033.3333 97783.3333
15033.3333 97916.6667
15050.0000 97833.3333
15066.6667 97800.0000
15100.0000 97816.6667
15116.6667 97816.6667
15133.3333 97816.6667
15133.3333 97916.6667
15150.0000 97833.3333
15150.0000 97900.0000
15183.3333 97800.0000
15183.3333 97833.3333
15183.3333 97866.6667
15200.0000 97866.6667
15216.6667 97766.6667
15216.6667 97783.3333
15233.3333 97833.3333
15233.3333 97850.0000
15250.0000 97816.6667
15250.0000 97850.0000
15250.0000 97883.3333
15250.0000 97900.0000
15266.6667 97783.3333
15266.6667 97883.3333
15266.6667 97933.3333
15283.3333 97883.3333
15283.3333 97966.6667
15283.3333 97983.3333
15300.0000 97783.3333
15300.0000 97850.0000
15300.0000 97883.3333
15300.0000 97900.0000
15300.0000 97966.6667
15300.0000 98000.0000
15316.6667 97783.3333
15316.6667 97866.6667
15333.3333 97883.3333
15333.3333 97900.0000
15350.0000 97766.6667
15350.0000 97866.6667
15366.6667 97766.6667
15366.6667 97833.3333
15366.6667 97850.0000
15366.6667 97900.0000
15366.6667 97966.6667
15383.3333 97783.3333
15383.3333 97816.6667
15383.3333 98583.3333
15400.0000 97883.3333
15400.0000 97950.0000
15416.6667 97833.3333
15416.6667 97983.3333
15416.6667 98000.0000
15416.6667 98250.0000
15416.6667 98433.3333
15416.6667 98566.6667
15433.3333 97800.0000
15433.3333 97900.0000
15433.3333 98450.0000
15450.0000 97800.0000
15450.0000 97900.0000
15450.0000 97916.6667
15450.0000 97983.3333
15450.0000 98233.3333
15466.6667 97833.3333
15466.6667 97866.6667
15466.6667 97900.0000
15466.6667 97916.6667
15466.6667 98233.3333
15483.3333 97750.0000
15483.3333 97916.6667
15483.3333 98100.0000
15500.0000 97766.6667
15500.0000 97850.0000
15500.0000 98183.3333
15500.0000 98583.3333
15516.6667 97650.0000
15516.6667 97783.3333
15516.6667 97866.6667
15516.6667 97983.3333
15516.6667 98233.3333
15533.3333 97850.0000
15533.3333 97900.0000
15533.3333 98250.0000
15550.0000 97866.6667
15550.0000 98300.0000
15566.6667 97650.0000
15566.6667 97783.3333
15566.6667 97883.3333
15566.6667 97900.0000
15566.6667 97933.3333
15583.3333 97783.3333
15583.3333 97866.6667
15583.3333 97933.3333
15583.3333 97950.0000
15583.3333 98100.0000
15583.3333 98116.6667
15600.0000 97750.0000
15600.0000 97766.6667
15600.0000 97816.6667
15600.0000 97900.0000
15600.0000 97933.3333
15600.0000 98100.0000
15600.0000 98483.3333
15616.6667 97766.6667
15616.6667 97833.3333
15616.6667 97850.0000
15616.6667 98016.6667
15616.6667 98250.0000
15633.3333 97750.0000
15633.3333 97766.6667
15633.3333 97816.6667
15633.3333 98066.6667
15633.3333 98083.3333
15650.0000 97800.0000
15650.0000 97833.3333
15650.0000 98200.0000
15666.6667 97766.6667
15666.6667 97950.0000
15666.6667 98033.3333
15683.3333 97716.6667
15683.3333 97800.0000
15683.3333 97983.3333
15683.3333 98066.6667
15683.3333 98183.3333
15683.3333 98233.3333
15700.0000 97766.6667
15700.0000 97816.6667
15700.0000 98016.6667
15700.0000 98183.3333
15700.0000 98550.0000
15733.3333 95283.3333
15733.3333 97733.3333
15733.3333 97850.0000
15733.3333 97950.0000
15733.3333 98016.6667
15733.3333 98183.3333
15733.3333 98550.0000
15750.0000 97716.6667
15766.6667 94983.3333
15766.6667 95466.6667
15766.6667 97733.3333
15766.6667 97750.0000
15766.6667 97800.0000
15766.6667 97900.0000
15766.6667 97950.0000
15766.6667 98033.3333
15766.6667 98266.6667
15783.3333 94983.3333
15783.3333 95283.3333
15783.3333 95500.0000
15783.3333 97783.3333
15783.3333 98016.6667
15783.3333 98266.6667
15783.3333 98550.0000
15800.0000 94766.6667
15800.0000 95116.6667
15800.0000 95133.3333
15800.0000 95283.3333
15800.0000 95350.0000
15800.0000 95400.0000
15800.0000 97733.3333
15800.0000 97900.0000
15800.0000 98566.6667
15816.6667 94750.0000
15816.6667 94783.3333
15816.6667 94816.6667
15816.6667 94883.3333
15816.6667 95150.0000
15816.6667 95166.6667
15816.6667 95216.6667
15816.6667 95433.3333
15816.6667 95466.6667
15816.6667 95500.0000
15816.6667 97733.3333
15816.6667 97916.6667
15816.6667 98100.0000
15816.6667 98516.6667
15833.3333 94883.3333
15833.3333 95000.0000
15833.3333 95483.3333
15833.3333 95516.6667
15833.3333 95533.3333
15833.3333 97716.6667
15833.3333 97783.3333
15833.3333 97966.6667
15833.3333 98250.0000
15850.0000 94416.6667
15850.0000 94700.0000
15850.0000 94750.0000
15850.0000 94766.6667
15850.0000 94983.3333
15850.0000 95033.3333
15850.0000 95516.6667
15850.0000 95566.6667
15850.0000 97716.6667
15850.0000 97766.6667
15850.0000 97783.3333
15850.0000 97900.0000
15850.0000 97983.3333
15850.0000 98000.0000
15850.0000 98266.6667
15850.0000 98516.6667
15850.0000 98550.0000
15866.6667 94416.6667
15866.6667 94700.0000
15866.6667 94716.6667
15866.6667 94800.0000
15866.6667 94833.3333
15866.6667 94866.6667
15866.6667 95000.0000
15866.6667 95216.6667
15866.6667 95566.6667
15866.6667 95583.3333
15866.6667 97733.3333
15866.6667 97766.6667
15866.6667 97783.3333
15866.6667 98016.6667
15866.6667 98166.6667
15866.6667 98250.0000
15866.6667 98383.3333
15883.3333 94400.0000
15883.3333 94416.6667
15883.3333 94433.3333
15883.3333 94633.3333
15883.3333 94666.6667
15883.3333 95000.0000
15883.3333 95583.3333
15883.3333 97766.6667
15883.3333 97983.3333
15883.3333 98133.3333
15883.3333 98166.6667
15883.3333 98316.6667
15883.3333 98450.0000
15883.3333 98466.6667
15883.3333 98483.3333
15883.3333 98533.3333
15900.0000 94400.0000
15900.0000 94416.6667
15900.0000 94433.3333
15900.0000 94783.3333
15900.0000 94966.6667
15900.0000 95600.0000
15900.0000 97700.0000
15900.0000 97783.3333
15900.0000 97933.3333
15900.0000 98033.3333
15900.0000 98133.3333
15900.0000 98150.0000
15900.0000 98183.3333
15900.0000 98283.3333
15900.0000 98300.0000
15916.6667 94400.0000
15916.6667 94766.6667
15916.6667 94933.3333
15916.6667 94983.3333
15916.6667 96483.3333
15916.6667 97650.0000
15916.6667 97716.6667
15916.6667 97800.0000
15916.6667 97983.3333
15916.6667 98033.3333
15916.6667 98100.0000
15916.6667 98300.0000
15916.6667 98466.6667
15933.3333 94450.0000
15933.3333 94483.3333
15933.3333 94816.6667
15933.3333 94950.0000
15933.3333 95016.6667
15933.3333 95066.6667
15933.3333 95583.3333
15933.3333 97700.0000
15933.3333 97733.3333
15933.3333 98133.3333
15933.3333 98216.6667
15933.3333 98433.3333
15933.3333 98483.3333
15933.3333 98516.6667
15950.0000 94250.0000
15950.0000 94400.0000
15950.0000 94600.0000
15950.0000 94616.6667
15950.0000 94783.3333
15950.0000 94833.3333
15950.0000 94866.6667
15950.0000 95066.6667
15950.0000 95366.6667
15950.0000 97633.3333
15950.0000 97683.3333
15950.0000 97700.0000
15950.0000 97933.3333
15950.0000 97950.0000
15950.0000 97966.6667
15950.0000 97983.3333
15950.0000 98400.0000
15950.0000 98450.0000
15950.0000 98466.6667
15966.6667 94266.6667
15966.6667 94400.0000
15966.6667 94566.6667
15966.6667 94783.3333
15966.6667 94883.3333
15966.6667 95550.0000
15966.6667 95616.6667
15966.6667 97733.3333
15966.6667 97966.6667
15966.6667 98016.6667
15966.6667 98150.0000
15966.6667 98200.0000
15966.6667 98350.0000
15966.6667 98416.6667
15966.6667 98450.0000
15983.3333 94233.3333
15983.3333 94283.3333
15983.3333 94300.0000
15983.3333 94400.0000
15983.3333 94766.6667
15983.3333 94800.0000
15983.3333 94883.3333
15983.3333 95483.3333
15983.3333 95500.0000
15983.3333 95583.3333
15983.3333 95600.0000
15983.3333 97600.0000
15983.3333 97666.6667
15983.3333 97716.6667
15983.3333 97750.0000
15983.3333 97916.6667
15983.3333 97933.3333
15983.3333 97983.3333
15983.3333 98100.0000
15983.3333 98300.0000
15983.3333 98333.3333
15983.3333 98433.3333
15983.3333 98450.0000
16000.0000 94266.6667
16000.0000 94283.3333
16000.0000 94400.0000
16000.0000 94416.6667
16000.0000 94533.3333
16000.0000 94600.0000
16000.0000 95483.3333
16000.0000 95500.0000
16000.0000 95516.6667
16000.0000 95616.6667
16000.0000 95650.0000
16000.0000 95700.0000
16000.0000 97666.6667
16000.0000 97733.3333
16000.0000 98150.0000
16000.0000 98216.6667
16000.0000 98400.0000
16016.6667 94216.6667
16016.6667 94283.3333
16016.6667 94350.0000
16016.6667 94550.0000
16016.6667 94800.0000
16016.6667 94900.0000
16016.6667 95600.0000
16016.6667 97566.6667
16016.6667 97633.3333
16016.6667 97666.6667
16016.6667 97733.3333
16016.6667 97750.0000
16016.6667 97950.0000
16016.6667 98050.0000
16016.6667 98066.6667
16016.6667 98150.0000
16016.6667 98200.0000
16016.6667 98266.6667
16033.3333 94300.0000
16033.3333 95466.6667
16033.3333 97633.3333
16033.3333 97983.3333
16033.3333 98116.6667
16033.3333 98133.3333
16033.3333 98316.6667
16033.3333 98450.0000
16033.3333 98466.6667
16050.0000 94516.6667
16050.0000 94566.6667
16050.0000 94650.0000
16050.0000 94783.3333
16050.0000 95383.3333
16050.0000 95583.3333
16050.0000 97550.0000
16050.0000 97600.0000
16050.0000 97766.6667
16050.0000 98016.6667
16050.0000 98083.3333
16050.0000 98216.6667
16050.0000 98433.3333
16066.6667 94333.3333
16066.6667 94366.6667
16066.6667 94400.0000
16066.6667 94616.6667
16066.6667 95366.6667
16066.6667 95400.0000
16066.6667 95433.3333
16066.6667 95450.0000
16066.6667 95483.3333
16066.6667 95566.6667
16066.6667 95633.3333
16066.6667 97566.6667
16066.6667 97583.3333
16066.6667 97716.6667
16066.6667 97733.3333
16066.6667 97916.6667
16066.6667 98033.3333
16066.6667 98066.6667
16066.6667 98083.3333
16066.6667 98100.0000
16066.6667 98133.3333
16066.6667 98183.3333
16066.6667 98300.0000
16066.6667 98450.0000
16083.3333 94216.6667
16083.3333 94416.6667
16083.3333 94850.0000
16083.3333 95416.6667
16083.3333 95483.3333
16083.3333 95500.0000
16083.3333 95516.6667
16083.3333 95550.0000
16083.3333 95683.3333
16083.3333 95716.6667
16083.3333 97716.6667
16083.3333 97900.0000
16083.3333 97983.3333
16083.3333 98366.6667
16083.3333 98416.6667
16100.0000 94333.3333
16100.0000 94600.0000
16100.0000 94633.3333
16100.0000 94666.6667
16100.0000 94800.0000
16100.0000 94866.6667
16100.0000 94916.6667
16100.0000 95083.3333
16100.0000 95400.0000
16100.0000 95466.6667
16100.0000 95650.0000
16100.0000 97716.6667
16100.0000 98016.6667
16100.0000 98050.0000
16100.0000 98100.0000
16100.0000 98166.6667
16100.0000 98216.6667
16100.0000 98316.6667
16100.0000 98400.0000
16100.0000 98433.3333
16116.6667 94216.6667
16116.6667 94416.6667
16116.6667 94450.0000
16116.6667 94600.0000
16116.6667 94683.3333
16116.6667 94833.3333
16116.6667 95333.3333
16116.6667 95383.3333
16116.6667 95500.0000
16116.6667 95516.6667
16116.6667 95583.3333
16116.6667 95633.3333
16116.6667 97933.3333
16116.6667 98033.3333
16116.6667 98050.0000
16116.6667 98100.0000
16133.3333 94433.3333
16133.3333 94466.6667
16133.3333 94550.0000
16133.3333 95066.6667
16133.3333 95350.0000
16133.3333 95416.6667
16133.3333 95450.0000
16133.3333 95483.3333
16133.3333 95583.3333
16133.3333 95733.3333
16133.3333 97616.6667
16133.3333 97683.3333
16133.3333 97733.3333
16133.3333 97883.3333
16133.3333 97983.3333
16133.3333 98016.6667
16133.3333 98066.6667
16133.3333 98100.0000
16133.3333 98316.6667
16133.3333 98400.0000
16133.3333 98433.3333
16133.3333 98750.0000
16150.0000 94483.3333
16150.0000 94616.6667
16150.0000 94633.3333
16150.0000 94766.6667
16150.0000 94983.3333
16150.0000 95000.0000
16150.0000 95100.0000
16150.0000 95350.0000
16150.0000 95383.3333
16150.0000 95433.3333
16150.0000 95550.0000
16150.0000 95583.3333
16150.0000 95616.6667
16150.0000 95683.3333
16150.0000 95700.0000
16150.0000 95716.6667
16150.0000 95750.0000
16150.0000 97616.6667
16150.0000 97666.6667
16150.0000 97733.3333
16150.0000 97883.3333
16150.0000 97900.0000
16150.0000 97933.3333
16150.0000 97950.0000
16150.0000 97966.6667
16150.0000 98000.0000
16150.0000 98050.0000
16150.0000 98166.6667
16150.0000 98366.6667
16150.0000 98400.0000
16150.0000 98616.6667
16150.0000 98783.3333
16166.6667 94233.3333
16166.6667 94433.3333
16166.6667 94700.0000
16166.6667 95100.0000
16166.6667 95183.3333
16166.6667 95383.3333
16166.6667 95416.6667
16166.6667 95516.6667
16166.6667 95566.6667
16166.6667 95700.0000
16166.6667 97716.6667
16166.6667 97733.3333
16166.6667 97833.3333
16166.6667 97866.6667
16166.6667 98016.6667
16166.6667 98300.0000
16166.6667 98600.0000
16166.6667 98616.6667
16183.3333 94233.3333
16183.3333 94483.3333
16183.3333 94583.3333
16183.3333 94750.0000
16183.3333 94900.0000
16183.3333 94966.6667
16183.3333 95066.6667
16183.3333 95450.0000
16183.3333 95550.0000
16183.3333 95600.0000
16183.3333 95750.0000
16183.3333 95800.0000
16183.3333 97633.3333
16183.3333 97733.3333
16183.3333 97900.0000
16183.3333 97966.6667
16183.3333 98016.6667
16183.3333 98616.6667
16183.3333 98816.6667
16200.0000 94250.0000
16200.0000 94450.0000
16200.0000 94516.6667
16200.0000 94666.6667
16200.0000 94683.3333
16200.0000 94800.0000
16200.0000 94816.6667
16200.0000 94883.3333
16200.0000 94933.3333
16200.0000 95016.6667
16200.0000 95050.0000
16200.0000 95100.0000
16200.0000 95333.3333
16200.0000 95366.6667
16200.0000 95383.3333
16200.0000 95400.0000
16200.0000 95433.3333
16200.0000 95466.6667
16200.0000 95533.3333
16200.0000 95583.3333
16200.0000 95633.3333
16200.0000 95716.6667
16200.0000 95750.0000
16200.0000 95816.6667
16200.0000 95850.0000
16200.0000 97616.6667
16200.0000 97683.3333
16200.0000 97716.6667
16200.0000 97883.3333
16200.0000 97900.0000
16200.0000 97933.3333
16200.0000 97950.0000
16200.0000 98133.3333
16200.0000 98183.3333
16200.0000 98266.6667
16200.0000 98300.0000
16200.0000 98333.3333
16200.0000 98350.0000
16200.0000 98616.6667
16216.6667 94233.3333
16216.6667 94466.6667
16216.6667 94483.3333
16216.6667 94600.0000
16216.6667 94666.6667
16216.6667 94833.3333
16216.6667 94900.0000
16216.6667 95116.6667
16216.6667 95266.6667
16216.6667 95283.3333
16216.6667 95316.6667
16216.6667 95333.3333
16216.6667 95400.0000
16216.6667 95450.0000
16216.6667 95483.3333
16216.6667 95516.6667
16216.6667 95600.0000
16216.6667 95700.0000
16216.6667 95816.6667
16216.6667 95866.6667
16216.6667 95916.6667
16216.6667 97733.3333
16216.6667 97866.6667
16216.6667 97900.0000
16216.6667 97916.6667
16216.6667 97983.3333
16216.6667 98000.0000
16216.6667 98016.6667
16216.6667 98200.0000
16216.6667 98333.3333
16216.6667 98366.6667
16233.3333 94400.0000
16233.3333 94466.6667
16233.3333 94533.3333
16233.3333 94850.0000
16233.3333 94933.3333
16233.3333 95016.6667
16233.3333 95033.3333
16233.3333 95233.3333
16233.3333 95350.0000
16233.3333 95433.3333
16233.3333 95483.3333
16233.3333 95550.0000
16233.3333 95633.3333
16233.3333 95666.6667
16233.3333 95750.0000
16233.3333 95766.6667
16233.3333 95850.0000
16233.3333 95916.6667
16233.3333 97516.6667
16233.3333 97533.3333
16233.3333 97733.3333
16233.3333 97800.0000
16233.3333 97850.0000
16233.3333 97866.6667
16233.3333 97916.6667
16233.3333 97966.6667
16248.3333 96004.1667
16250.0000 94500.0000
16250.0000 94750.0000
16250.0000 94833.3333
16250.0000 94950.0000
16250.0000 95050.0000
16250.0000 95133.3333
16250.0000 95150.0000
16250.0000 95233.3333
16250.0000 95283.3333
16250.0000 95416.6667
16250.0000 95516.6667
16250.0000 95566.6667
16250.0000 95583.3333
16250.0000 95700.0000
16250.0000 95833.3333
16250.0000 95966.6667
16250.0000 97500.0000
16250.0000 97733.3333
16250.0000 98333.3333
16250.0000 98350.0000
16254.7222 96016.1111
16263.0556 96001.1111
16266.6667 94233.3333
16266.6667 94433.3333
16266.6667 94516.6667
16266.6667 94566.6667
16266.6667 94666.6667
16266.6667 94833.3333
16266.6667 94983.3333
16266.6667 95000.0000
16266.6667 95066.6667
16266.6667 95083.3333
16266.6667 95300.0000
16266.6667 95333.3333
16266.6667 95400.0000
16266.6667 95433.3333
16266.6667 95466.6667
16266.6667 95516.6667
16266.6667 95633.3333
16266.6667 95733.3333
16266.6667 95766.6667
16266.6667 95800.0000
16266.6667 95900.0000
16266.6667 95916.6667
16266.6667 96000.0000
16266.6667 97483.3333
16266.6667 97533.3333
16266.6667 97566.6667
16266.6667 97716.6667
16266.6667 97833.3333
16266.6667 97883.3333
16266.6667 97916.6667
16266.6667 97933.3333
16266.6667 97950.0000
16266.6667 98283.3333
16266.6667 98683.3333
16269.7222 96000.2778
16273.6111 96018.8889
16283.3333 94250.0000
16283.3333 94466.6667
16283.3333 94550.0000
16283.3333 94616.6667
16283.3333 94666.6667
16283.3333 94766.6667
16283.3333 94866.6667
16283.3333 94883.3333
16283.3333 95050.0000
16283.3333 95133.3333
16283.3333 95216.6667
16283.3333 95283.3333
16283.3333 95333.3333
16283.3333 95366.6667
16283.3333 95400.0000
16283.3333 95416.6667
16283.3333 95550.0000
16283.3333 95683.3333
16283.3333 95800.0000
16283.3333 95816.6667
16283.3333 95883.3333
16283.3333 95916.6667
16283.3333 95983.3333
16283.3333 97483.3333
16283.3333 97516.6667
16283.3333 97533.3333
16283.3333 97700.0000
16283.3333 97783.3333
16283.3333 97866.6667
16283.3333 97916.6667
16283.3333 98000.0000
16283.3333 98116.6667
16283.3333 98233.3333
16283.3333 98283.3333
16283.3333 98333.3333
16283.3333 98583.3333
16283.3333 98883.3333
16285.0000 96037.5000
16288.8889 96007.5000
16300.0000 94416.6667
16300.0000 94500.0000
16300.0000 94800.0000
16300.0000 95016.6667
16300.0000 95116.6667
16300.0000 95250.0000
16300.0000 95266.6667
16300.0000 95350.0000
16300.0000 95383.3333
16300.0000 95450.0000
16300.0000 95516.6667
16300.0000 95533.3333
16300.0000 95683.3333
16300.0000 95700.0000
16300.0000 95766.6667
16300.0000 95833.3333
16300.0000 95950.0000
16300.0000 95983.3333
16300.0000 97466.6667
16300.0000 97516.6667
16300.0000 97550.0000
16300.0000 97700.0000
16300.0000 97766.6667
16300.0000 97783.3333
16300.0000 97800.0000
16300.0000 97833.3333
16300.0000 97900.0000
16300.0000 97916.6667
16300.0000 97966.6667
16300.0000 98066.6667
16300.0000 98183.3333
16300.0000 98233.3333
16300.0000 98316.6667
16300.0000 98716.6667
16302.5000 96004.4444
16310.5556 96018.3333
16315.2778 96031.9444
16316.6667 94233.3333
16316.6667 94900.0000
16316.6667 94933.3333
16316.6667 95000.0000
16316.6667 95066.6667
16316.6667 95150.0000
16316.6667 95200.0000
16316.6667 95300.0000
16316.6667 95350.0000
16316.6667 95416.6667
16316.6667 95483.3333
16316.6667 95800.0000
16316.6667 95866.6667
16316.6667 95916.6667
16316.6667 97483.3333
16316.6667 97550.0000
16316.6667 97683.3333
16316.6667 97783.3333
16316.6667 97850.0000
16316.6667 97883.3333
16317.2222 96074.1667
16324.7222 96111.9444
16333.3333 94233.3333
16333.3333 94516.6667
16333.3333 94550.0000
16333.3333 94600.0000
16333.3333 94816.6667
16333.3333 94850.0000
16333.3333 94900.0000
16333.3333 95100.0000
16333.3333 95150.0000
16333.3333 95166.6667
16333.3333 95200.0000
16333.3333 95216.6667
16333.3333 95250.0000
16333.3333 95283.3333
16333.3333 95333.3333
16333.3333 95466.6667
16333.3333 95516.6667
16333.3333 95550.0000
16333.3333 95616.6667
16333.3333 95683.3333
16333.3333 95700.0000
16333.3333 95733.3333
16333.3333 95800.0000
16333.3333 95883.3333
16333.3333 95950.0000
16333.3333 97516.6667
16333.3333 97533.3333
16333.3333 97550.0000
16333.3333 97666.6667
16333.3333 97733.3333
16333.3333 97783.3333
16333.3333 97833.3333
16333.3333 98200.0000
16333.3333 98316.6667
16338.3333 96128.6111
16339.1667 96158.0556
16344.1667 96165.0000
16344.7222 96125.2778
16350.0000 94433.3333
16350.0000 94650.0000
16350.0000 94700.0000
16350.0000 94816.6667
16350.0000 95016.6667
16350.0000 95100.0000
16350.0000 95150.0000
16350.0000 95400.0000
16350.0000 95566.6667
16350.0000 95616.6667
16350.0000 95633.3333
16350.0000 95766.6667
16350.0000 95850.0000
16350.0000 95900.0000
16350.0000 95933.3333
16350.0000 95983.3333
16350.0000 97516.6667
16350.0000 97633.3333
16350.0000 97816.6667
16350.0000 98066.6667
16350.0000 98116.6667
16350.0000 98183.3333
16350.0000 98316.6667
16351.1111 96010.5556
16351.1111 96161.6667
16351.3889 96174.1667
16353.0556 96041.1111
16356.9444 96183.0556
16357.7778 96098.8889
16359.7222 96123.8889
16360.5556 96187.7778
16363.8889 96014.7222
16366.6667 94250.0000
16366.6667 94516.6667
16366.6667 94583.3333
16366.6667 94650.0000
16366.6667 94733.3333
16366.6667 94750.0000
16366.6667 94950.0000
16366.6667 95000.0000
16366.6667 95050.0000
16366.6667 95133.3333
16366.6667 95300.0000
16366.6667 95333.3333
16366.6667 95383.3333
16366.6667 95433.3333
16366.6667 95533.3333
16366.6667 95583.3333
16366.6667 95700.0000
16366.6667 95716.6667
16366.6667 95733.3333
16366.6667 95933.3333
16366.6667 97466.6667
16366.6667 97516.6667
16366.6667 97533.3333
16366.6667 97550.0000
16366.6667 97583.3333
16366.6667 97650.0000
16366.6667 97716.6667
16366.6667 97800.0000
16366.6667 97900.0000
16366.6667 98033.3333
16366.6667 98233.3333
16366.6667 98266.6667
16366.6667 98300.0000
16366.6667 98316.6667
16366.6667 98583.3333
16366.6667 98816.6667
16368.3333 96207.2222
16371.9444 96216.1111
16377.5000 96231.6667
16383.3333 94450.0000
16383.3333 94850.0000
16383.3333 94916.6667
16383.3333 95066.6667
16383.3333 95083.3333
16383.3333 95150.0000
16383.3333 95200.0000
16383.3333 95266.6667
16383.3333 95350.0000
16383.3333 95533.3333
16383.3333 95583.3333
16383.3333 95616.6667
16383.3333 95683.3333
16383.3333 95800.0000
16383.3333 95866.6667
16383.3333 95916.6667
16383.3333 97533.3333